140.0
140.0
220.0
140.0
120.0
120.0
140.0
120.0
70.0
170.0
140.0
140.0
140.0
140.0
120.0
140.0
120.0
140.0
70.0
200.0
120.0
70.0
140.0
200.0
120.0
120.0
220.0
140.0
140.0
220.0
140.0
120.0
120.0
140.0
70.0
140.0
220.0
200.0
220.0
220.0
140.0
140.0
140.0
140.0
220.0
120.0
170.0
170.0
120.0
70.0
70.0
120.0
120.0
140.0
140.0
140.0
220.0
140.0
150.0
140.0
140.0
120.0
140.0
220.0
140.0
220.0
140.0
220.0
140.0
150.0
140.0
140.0
120.0
140.0
120.0
140.0
140.0
140.0
140.0
140.0
140.0
140.0
140.0
120.0
120.0
140.0
120.0
140.0
140.0
140.0
140.0
140.0
140.0
140.0
140.0
140.0
140.0
140.0
140.0
120.0
