380.0
420.0
300.0
340.0
FAIL
FAIL
420.0
FAIL
510.0
310.0
280.0
FAIL
520.0
480.0
500.0
520.0
500.0
480.0
310.0
480.0
160.0
FAIL
480.0
340.0
400.0
400.0
120.0
FAIL
480.0
360.0
420.0
200.0
400.0
FAIL
550.0
420.0
500.0
380.0
600.0
FAIL
420.0
FAIL
220.0
340.0
560.0
400.0
210.0
410.0
360.0
350.0
350.0
360.0
400.0
380.0
380.0
280.0
460.0
580.0
190.0
280.0
340.0
420.0
FAIL
500.0
620.0
500.0
FAIL
360.0
FAIL
390.0
520.0
380.0
FAIL
380.0
260.0
340.0
340.0
480.0
FAIL
620.0
FAIL
380.0
520.0
FAIL
300.0
280.0
320.0
480.0
FAIL
480.0
520.0
420.0
FAIL
320.0
620.0
FAIL
520.0
FAIL
FAIL
400.0
