240.0
240.0
120.0
240.0
220.0
220.0
240.0
220.0
170.0
70.0
240.0
140.0
240.0
240.0
220.0
240.0
220.0
240.0
170.0
200.0
220.0
170.0
140.0
200.0
120.0
120.0
220.0
140.0
240.0
120.0
240.0
220.0
120.0
140.0
170.0
240.0
120.0
200.0
220.0
120.0
240.0
140.0
240.0
140.0
220.0
220.0
70.0
70.0
120.0
170.0
70.0
220.0
220.0
140.0
240.0
240.0
220.0
240.0
150.0
140.0
240.0
220.0
240.0
220.0
240.0
220.0
240.0
120.0
240.0
150.0
240.0
240.0
220.0
140.0
120.0
140.0
240.0
240.0
240.0
240.0
240.0
240.0
140.0
120.0
220.0
240.0
120.0
140.0
240.0
240.0
240.0
240.0
240.0
240.0
240.0
240.0
140.0
240.0
140.0
120.0
