FAIL
600.0
560.0
640.0
400.0
440.0
500.0
570.0
400.0
FAIL
440.0
480.0
580.0
560.0
440.0
FAIL
620.0
380.0
470.0
FAIL
400.0
560.0
480.0
FAIL
580.0
FAIL
680.0
620.0
630.0
FAIL
600.0
FAIL
590.0
400.0
450.0
FAIL
540.0
560.0
FAIL
370.0
FAIL
500.0
FAIL
500.0
630.0
FAIL
FAIL
680.0
700.0
FAIL
340.0
640.0
FAIL
490.0
600.0
390.0
540.0
560.0
660.0
520.0
520.0
770.0
630.0
FAIL
500.0
FAIL
FAIL
500.0
500.0
470.0
560.0
FAIL
450.0
620.0
500.0
440.0
670.0
490.0
460.0
460.0
740.0
460.0
FAIL
FAIL
440.0
600.0
580.0
540.0
460.0
680.0
530.0
FAIL
320.0
FAIL
340.0
560.0
FAIL
FAIL
560.0
710.0
