120.0
120.0
80.0
120.0
120.0
120.0
120.0
70.0
80.0
140.0
120.0
120.0
140.0
140.0
120.0
140.0
140.0
120.0
50.0
80.0
120.0
80.0
120.0
140.0
120.0
120.0
20.0
140.0
70.0
140.0
20.0
140.0
70.0
120.0
70.0
120.0
120.0
80.0
120.0
50.0
140.0
80.0
140.0
100.0
70.0
140.0
140.0
120.0
140.0
120.0
120.0
120.0
80.0
70.0
100.0
70.0
120.0
140.0
80.0
120.0
100.0
70.0
70.0
120.0
80.0
20.0
120.0
80.0
140.0
50.0
140.0
140.0
70.0
140.0
80.0
120.0
70.0
70.0
140.0
140.0
20.0
140.0
20.0
60.0
60.0
80.0
120.0
60.0
140.0
60.0
70.0
120.0
60.0
80.0
120.0
80.0
120.0
80.0
80.0
50.0
