220.0
120.0
120.0
220.0
200.0
120.0
120.0
270.0
240.0
220.0
220.0
120.0
140.0
140.0
160.0
240.0
240.0
120.0
150.0
280.0
120.0
240.0
120.0
280.0
220.0
260.0
260.0
140.0
170.0
220.0
220.0
240.0
270.0
220.0
170.0
220.0
200.0
280.0
260.0
190.0
140.0
240.0
140.0
100.0
210.0
140.0
220.0
160.0
240.0
220.0
260.0
120.0
280.0
170.0
200.0
270.0
200.0
140.0
120.0
120.0
200.0
170.0
270.0
260.0
240.0
100.0
220.0
280.0
240.0
190.0
240.0
140.0
210.0
240.0
80.0
120.0
170.0
170.0
140.0
140.0
220.0
240.0
220.0
220.0
220.0
240.0
220.0
220.0
140.0
220.0
270.0
120.0
220.0
240.0
220.0
240.0
220.0
240.0
240.0
190.0
