610.0
FAIL
FAIL
530.0
520.0
700.0
220.0
590.0
340.0
340.0
FAIL
FAIL
460.0
440.0
400.0
420.0
FAIL
FAIL
720.0
530.0
400.0
300.0
600.0
490.0
420.0
510.0
400.0
560.0
500.0
540.0
FAIL
FAIL
300.0
FAIL
800.0
470.0
500.0
580.0
360.0
360.0
440.0
FAIL
FAIL
640.0
670.0
530.0
600.0
660.0
FAIL
660.0
420.0
560.0
FAIL
370.0
420.0
500.0
FAIL
460.0
FAIL
520.0
680.0
440.0
FAIL
540.0
FAIL
340.0
550.0
600.0
FAIL
520.0
500.0
340.0
FAIL
620.0
FAIL
540.0
560.0
FAIL
520.0
490.0
440.0
FAIL
380.0
560.0
640.0
FAIL
520.0
FAIL
600.0
440.0
620.0
480.0
700.0
360.0
FAIL
FAIL
560.0
FAIL
460.0
FAIL
