330.0
320.0
280.0
250.0
140.0
240.0
240.0
350.0
260.0
220.0
320.0
420.0
240.0
220.0
200.0
240.0
260.0
400.0
120.0
210.0
400.0
140.0
140.0
250.0
140.0
230.0
200.0
240.0
400.0
260.0
240.0
380.0
160.0
240.0
200.0
190.0
180.0
300.0
120.0
280.0
300.0
420.0
420.0
240.0
150.0
190.0
260.0
220.0
240.0
280.0
220.0
140.0
260.0
290.0
300.0
140.0
260.0
140.0
160.0
280.0
400.0
400.0
260.0
200.0
400.0
260.0
450.0
200.0
240.0
180.0
120.0
220.0
220.0
240.0
280.0
120.0
140.0
220.0
140.0
450.0
220.0
240.0
240.0
140.0
120.0
140.0
140.0
240.0
160.0
260.0
420.0
240.0
420.0
260.0
210.0
240.0
240.0
280.0
320.0
280.0
