440.0
440.0
420.0
320.0
340.0
320.0
440.0
370.0
440.0
270.0
370.0
320.0
320.0
340.0
270.0
320.0
320.0
440.0
420.0
320.0
420.0
370.0
420.0
440.0
340.0
340.0
340.0
440.0
440.0
420.0
440.0
420.0
320.0
440.0
420.0
440.0
440.0
420.0
340.0
440.0
420.0
440.0
370.0
350.0
370.0
420.0
440.0
420.0
420.0
270.0
440.0
440.0
420.0
420.0
320.0
420.0
420.0
420.0
440.0
420.0
420.0
340.0
440.0
340.0
340.0
420.0
420.0
440.0
320.0
440.0
320.0
440.0
420.0
440.0
320.0
440.0
320.0
340.0
440.0
420.0
420.0
440.0
440.0
350.0
440.0
420.0
340.0
250.0
440.0
440.0
400.0
420.0
440.0
440.0
440.0
340.0
320.0
440.0
420.0
420.0
